Sl no.,District Name,Market Name,Commodity,Variety,Grade,Min Price (Rs./Quintal),Max Price (Rs./Quintal),Modal Price (Rs./Quintal),Price Date
1,Pune,Junnar,Onion,Other,FAQ,2500,5000,4500,11-Oct-20
2,Pune,Junnar,Onion,Other,FAQ,2000,4150,3500,8-Oct-20
3,Pune,Junnar,Onion,Other,FAQ,2000,3800,3500,4-Oct-20
4,Pune,Junnar,Onion,Other,FAQ,1000,4250,3500,1-Oct-20
5,Pune,Junnar,Onion,Other,FAQ,2500,4250,3500,27-Sep-20
6,Pune,Junnar,Onion,Other,FAQ,2500,4250,3500,24-Sep-20
7,Pune,Junnar,Onion,Other,FAQ,2800,4510,3500,20-Sep-20
8,Pune,Junnar,Onion,Other,FAQ,1300,2900,2500,17-Sep-20
9,Pune,Junnar,Onion,Other,FAQ,1500,2800,2200,13-Sep-20
10,Pune,Junnar,Onion,Other,FAQ,1500,3110,2500,10-Sep-20
11,Pune,Junnar,Onion,Other,FAQ,800,2000,1500,27-Aug-20
12,Pune,Junnar,Onion,Other,FAQ,410,1500,1100,23-Aug-20
13,Pune,Junnar,Onion,Other,FAQ,400,2000,1500,20-Aug-20
14,Pune,Junnar,Onion,Other,FAQ,400,1350,1100,16-Aug-20
15,Pune,Junnar,Onion,Other,FAQ,400,1100,900,13-Aug-20
16,Pune,Junnar,Onion,Other,FAQ,300,950,750,9-Aug-20
17,Pune,Junnar,Onion,Other,FAQ,260,900,750,6-Aug-20
18,Pune,Junnar,Onion,Other,FAQ,260,900,800,2-Aug-20
19,Pune,Junnar,Onion,Other,FAQ,310,900,800,30-Jul-20
20,Pune,Junnar,Onion,Other,FAQ,310,950,850,26-Jul-20
21,Pune,Junnar,Onion,Other,FAQ,310,800,700,23-Jul-20
22,Pune,Junnar,Onion,Other,FAQ,300,800,600,16-Jul-20
23,Pune,Junnar,Onion,Other,FAQ,800,1100,900,12-Jul-20
24,Pune,Junnar,Onion,Other,FAQ,500,900,800,10-Jul-20
25,Pune,Junnar,Onion,Other,FAQ,500,1000,800,5-Jul-20
26,Pune,Junnar,Onion,Other,FAQ,300,1000,850,2-Jul-20
27,Pune,Junnar,Onion,Other,FAQ,360,1000,900,28-Jun-20
28,Pune,Junnar,Onion,Other,FAQ,360,1000,850,25-Jun-20
29,Pune,Junnar,Onion,Other,FAQ,300,1000,800,21-Jun-20
30,Pune,Junnar,Onion,Other,FAQ,700,1000,950,18-Jun-20
31,Pune,Junnar,Onion,Other,FAQ,600,1000,900,14-Jun-20
32,Pune,Junnar,Onion,Other,FAQ,700,1100,1000,7-Jun-20
33,Pune,Junnar,Onion,Other,FAQ,1000,1200,1000,29-May-20
34,Pune,Junnar,Onion,Other,FAQ,500,700,600,22-May-20
35,Pune,Junnar,Onion,Other,FAQ,1000,1800,1500,19-Mar-20
36,Pune,Junnar,Onion,Other,FAQ,1500,2100,1500,15-Mar-20
37,Pune,Junnar,Onion,Other,FAQ,1000,2110,1500,12-Mar-20
38,Pune,Junnar,Onion,Other,FAQ,500,1900,1500,8-Mar-20
39,Pune,Junnar,Onion,Other,FAQ,1000,1800,1500,6-Mar-20
40,Pune,Junnar,Onion,Other,FAQ,1200,2000,1500,1-Mar-20
41,Pune,Junnar,Onion,Other,FAQ,1000,2020,1800,27-Feb-20
42,Pune,Junnar,Onion,Other,FAQ,750,2200,2000,23-Feb-20
43,Pune,Junnar,Onion,Other,FAQ,750,2200,2000,16-Feb-20
44,Pune,Junnar,Onion,Other,FAQ,1800,2510,2000,14-Feb-20
45,Pune,Junnar,Onion,Other,FAQ,800,2200,2000,10-Feb-20
46,Pune,Junnar,Onion,Other,FAQ,700,1900,1500,7-Feb-20
47,Pune,Junnar,Onion,Other,FAQ,500,2400,2000,3-Feb-20
48,Pune,Junnar,Onion,Other,FAQ,400,1600,1200,26-Jan-20
49,Pune,Junnar,Onion,Other,FAQ,1000,3600,3100,23-Jan-20
50,Pune,Junnar,Onion,Other,FAQ,2500,4000,3500,19-Jan-20
51,Pune,Junnar,Onion,Other,FAQ,2500,4000,3000,17-Jan-20
52,Pune,Junnar,Onion,Other,FAQ,2500,4500,4000,12-Jan-20
53,Pune,Junnar,Onion,Other,FAQ,2500,4500,4000,5-Jan-20
54,Pune,Junnar,Onion,Other,FAQ,1500,4600,4000,2-Jan-20
55,Pune,Junnar,Onion,Other,FAQ,2000,6500,6000,29-Dec-19
56,Pune,Junnar,Onion,Other,FAQ,4500,5300,5000,27-Dec-19
57,Pune,Junnar,Onion,Other,FAQ,1500,9000,7000,22-Dec-19
58,Pune,Junnar,Onion,Other,FAQ,1250,10500,9000,19-Dec-19
59,Pune,Junnar,Onion,Other,FAQ,3000,10000,8000,15-Dec-19
60,Pune,Junnar,Onion,Other,FAQ,4000,13000,10000,8-Dec-19
61,Pune,Junnar,Onion,Other,FAQ,7000,14000,12000,5-Dec-19
62,Pune,Junnar,Onion,Other,FAQ,4500,8150,7500,1-Dec-19
63,Pune,Junnar,Onion,Other,FAQ,3500,8250,7000,28-Nov-19
64,Pune,Junnar,Onion,Other,FAQ,3000,9510,8000,24-Nov-19
65,Pune,Junnar,Onion,Other,FAQ,3000,7150,6000,21-Nov-19
66,Pune,Junnar,Onion,Other,FAQ,2000,6110,5000,17-Nov-19
67,Pune,Junnar,Onion,Other,FAQ,1500,5500,4500,14-Nov-19
68,Pune,Junnar,Onion,Other,FAQ,3500,6510,5000,10-Nov-19
69,Pune,Junnar,Onion,Other,FAQ,1500,5100,4500,7-Nov-19
70,Pune,Junnar,Onion,Other,FAQ,3500,5700,4500,3-Nov-19
71,Pune,Junnar,Onion,Other,FAQ,2000,4700,4500,31-Oct-19
72,Pune,Junnar,Onion,Other,FAQ,3000,4100,3700,28-Oct-19
73,Pune,Junnar,Onion,Other,FAQ,1500,3100,2500,17-Oct-19
74,Pune,Junnar,Onion,Other,FAQ,2000,3200,2500,13-Oct-19
75,Pune,Junnar,Onion,Other,FAQ,2000,3500,3200,10-Oct-19
76,Pune,Junnar,Onion,Other,FAQ,2500,3700,3500,6-Oct-19
77,Pune,Junnar,Onion,Other,FAQ,1500,3100,2500,3-Oct-19
78,Pune,Junnar,Onion,Other,FAQ,2000,4100,3800,29-Sep-19
79,Pune,Junnar,Onion,Other,FAQ,1300,3800,3500,27-Sep-19
80,Pune,Junnar,Onion,Other,FAQ,1300,1600,1400,22-Sep-19
81,Pune,Junnar,Onion,Other,FAQ,1500,4600,4000,19-Sep-19
82,Pune,Junnar,Onion,Other,FAQ,2200,3500,3000,15-Sep-19
83,Pune,Junnar,Onion,Other,FAQ,2100,2800,2500,5-Sep-19
84,Pune,Junnar,Onion,Other,FAQ,1400,2700,2000,1-Sep-19
85,Pune,Junnar,Onion,Other,FAQ,1800,2900,2500,29-Aug-19
86,Pune,Junnar,Onion,Other,FAQ,1000,2600,2000,25-Aug-19
87,Pune,Junnar,Onion,Other,FAQ,1200,2800,2500,22-Aug-19
88,Pune,Junnar,Onion,Other,FAQ,1800,2150,1850,18-Aug-19
89,Pune,Junnar,Onion,Other,FAQ,1300,2000,1700,15-Aug-19
90,Pune,Junnar,Onion,Other,FAQ,700,1700,1500,8-Aug-19
91,Pune,Junnar,Onion,Other,FAQ,1100,1700,1550,4-Aug-19
92,Pune,Junnar,Onion,Other,FAQ,700,1500,1300,27-Jul-19
93,Pune,Junnar,Onion,Other,FAQ,700,1450,1300,14-Jul-19
94,Pune,Junnar,Onion,Other,FAQ,700,1450,1300,11-Jul-19
95,Pune,Junnar,Onion,Other,FAQ,900,1650,1450,4-Jul-19
96,Pune,Junnar,Onion,Other,FAQ,700,1600,1500,30-Jun-19
97,Pune,Junnar,Onion,Other,FAQ,900,1600,1400,25-Jun-19
98,Pune,Junnar,Onion,Other,FAQ,900,1800,1500,20-Jun-19
99,Pune,Junnar,Onion,Other,FAQ,900,1600,1400,16-Jun-19
100,Pune,Junnar,Onion,Other,FAQ,900,1700,1500,13-Jun-19
101,Pune,Junnar,Onion,Other,FAQ,900,1700,1500,10-Jun-19
102,Pune,Junnar,Onion,Other,FAQ,1000,1600,1500,2-Jun-19
103,Pune,Junnar,Onion,Other,FAQ,900,1300,1150,30-May-19
104,Pune,Junnar,Onion,Other,FAQ,700,1500,1450,27-May-19
105,Pune,Junnar,Onion,Other,FAQ,1000,1400,1200,23-May-19
106,Pune,Junnar,Onion,Other,FAQ,800,1100,1000,12-May-19
107,Pune,Junnar,Onion,Other,FAQ,600,900,800,2-May-19
108,Pune,Junnar,Onion,Other,FAQ,600,1000,800,25-Apr-19
109,Pune,Junnar,Onion,Other,FAQ,600,910,800,14-Apr-19
110,Pune,Junnar,Onion,Other,FAQ,600,1000,801,11-Apr-19
111,Pune,Junnar,Onion,Other,FAQ,500,900,800,7-Apr-19
112,Pune,Junnar,Onion,Other,FAQ,500,650,600,28-Mar-19
113,Pune,Junnar,Onion,Other,FAQ,500,800,600,14-Mar-19
114,Pune,Junnar,Onion,Other,FAQ,300,700,600,7-Mar-19
115,Pune,Junnar,Onion,Other,FAQ,500,600,500,5-Mar-19
116,Pune,Junnar,Onion,Other,FAQ,500,600,550,28-Feb-19
117,Pune,Junnar,Onion,Other,FAQ,500,600,550,24-Feb-19
118,Pune,Junnar,Onion,Other,FAQ,500,800,700,7-Feb-19
119,Pune,Junnar,Onion,Other,FAQ,500,750,650,3-Feb-19
120,Pune,Junnar,Onion,Other,FAQ,500,700,650,31-Jan-19
121,Pune,Junnar,Onion,Other,FAQ,300,500,400,24-Jan-19
122,Pune,Junnar,Onion,Other,FAQ,300,1100,1000,20-Jan-19
123,Pune,Junnar,Onion,Other,FAQ,500,800,600,19-Jan-19
124,Pune,Junnar,Onion,Other,FAQ,500,800,600,10-Jan-19
125,Pune,Junnar,Onion,Other,FAQ,800,900,850,7-Jan-19
126,Pune,Junnar,Onion,Other,FAQ,800,900,850,6-Jan-19
127,Pune,Junnar,Onion,Other,FAQ,800,900,850,31-Dec-18
128,Pune,Junnar,Onion,Other,FAQ,600,900,800,27-Dec-18
129,Pune,Junnar,Onion,Other,FAQ,600,800,750,20-Dec-18
130,Pune,Junnar,Onion,Other,FAQ,600,800,750,2-Dec-18
131,Pune,Junnar,Onion,Other,FAQ,800,1000,900,29-Nov-18
132,Pune,Junnar,Onion,Other,FAQ,500,1000,850,25-Nov-18
133,Pune,Junnar,Onion,Other,FAQ,800,1100,800,22-Nov-18
134,Pune,Junnar,Onion,Other,FAQ,1000,1800,1500,11-Nov-18
135,Pune,Junnar,Onion,Other,FAQ,1000,1700,1500,9-Nov-18
136,Pune,Junnar,Onion,Other,FAQ,700,1700,1500,1-Nov-18
137,Pune,Junnar,Onion,Other,FAQ,700,1500,1400,28-Oct-18
138,Pune,Junnar,Onion,Other,FAQ,700,2200,2000,25-Oct-18
139,Pune,Junnar,Onion,Other,FAQ,900,2100,1500,21-Oct-18
140,Pune,Junnar,Onion,Other,FAQ,201,1000,850,20-Oct-18
141,Pune,Junnar,Onion,Other,FAQ,1500,2000,1800,18-Oct-18
142,Pune,Junnar,Onion,Other,FAQ,1000,1600,1400,7-Oct-18
143,Pune,Junnar,Onion,Other,FAQ,500,1150,1000,30-Sep-18
144,Pune,Junnar,Onion,Other,FAQ,700,900,800,27-Sep-18
145,Pune,Junnar,Onion,Other,FAQ,700,1130,1000,20-Sep-18
146,Pune,Junnar,Onion,Other,FAQ,500,1200,1000,12-Sep-18
147,Pune,Junnar,Onion,Other,FAQ,700,1150,1000,6-Sep-18
148,Pune,Junnar,Onion,Other,FAQ,800,1150,1000,2-Sep-18
149,Pune,Junnar,Onion,Other,FAQ,700,1200,1000,30-Aug-18
150,Pune,Junnar,Onion,Other,FAQ,600,1100,950,26-Aug-18
151,Pune,Junnar,Onion,Other,FAQ,700,1250,1100,23-Aug-18
152,Pune,Junnar,Onion,Other,FAQ,1500,1700,1650,19-Aug-18
153,Pune,Junnar,Onion,Other,FAQ,700,1250,1000,12-Aug-18
154,Pune,Junnar,Onion,Other,FAQ,700,1300,1200,5-Aug-18
155,Pune,Junnar,Onion,Other,FAQ,1100,1300,1200,2-Aug-18
156,Pune,Junnar,Onion,Other,FAQ,800,1300,1100,29-Jul-18
157,Pune,Junnar,Onion,Other,FAQ,1100,1300,1200,26-Jul-18
158,Pune,Junnar,Onion,Other,FAQ,1100,1500,1400,15-Jul-18
159,Pune,Junnar,Onion,Other,FAQ,1100,1500,1400,12-Jul-18
160,Pune,Junnar,Onion,Other,FAQ,700,1400,1200,8-Jul-18
161,Pune,Junnar,Onion,Other,FAQ,1400,1550,1400,5-Jul-18
162,Pune,Junnar,Onion,Other,FAQ,1100,1500,1400,1-Jul-18
163,Pune,Junnar,Onion,Other,FAQ,1100,1400,1300,28-Jun-18
164,Pune,Junnar,Onion,Other,FAQ,800,1500,1200,24-Jun-18
165,Pune,Junnar,Onion,Other,FAQ,1100,1400,1200,21-Jun-18
166,Pune,Junnar,Onion,Other,FAQ,1000,1300,1200,17-Jun-18
167,Pune,Junnar,Onion,Other,FAQ,800,1300,1200,14-Jun-18
168,Pune,Junnar,Onion,Other,FAQ,600,1100,1000,10-Jun-18
169,Pune,Junnar,Onion,Other,FAQ,800,1000,800,8-Jun-18
170,Pune,Junnar,Onion,Other,FAQ,800,1500,1200,3-Jun-18
171,Pune,Junnar,Onion,Other,FAQ,700,1300,1200,31-May-18
172,Pune,Junnar,Onion,Other,FAQ,500,900,750,20-May-18
173,Pune,Junnar,Onion,Other,FAQ,600,950,850,17-May-18
174,Pune,Junnar,Onion,Other,FAQ,500,850,750,13-May-18
175,Pune,Junnar,Onion,Other,FAQ,500,830,800,10-May-18
176,Pune,Junnar,Onion,Other,FAQ,400,850,800,6-May-18
177,Pune,Junnar,Onion,Other,FAQ,400,950,850,3-May-18
178,Pune,Junnar,Onion,Other,FAQ,400,800,700,29-Apr-18
179,Pune,Junnar,Onion,Other,FAQ,500,900,750,26-Apr-18
180,Pune,Junnar,Onion,Other,FAQ,300,800,650,23-Apr-18
181,Pune,Junnar,Onion,Other,FAQ,400,1000,850,19-Apr-18
182,Pune,Junnar,Onion,Other,FAQ,400,900,760,12-Apr-18
183,Pune,Junnar,Onion,Other,FAQ,400,1000,800,8-Apr-18
184,Pune,Junnar,Onion,Other,FAQ,400,900,800,31-Mar-18
185,Pune,Junnar,Onion,Other,FAQ,500,1000,900,25-Mar-18
186,Pune,Junnar,Onion,Other,FAQ,400,900,800,22-Mar-18
187,Pune,Junnar,Onion,Other,FAQ,500,1100,1000,15-Mar-18
188,Pune,Junnar,Onion,Other,FAQ,500,1500,1200,11-Mar-18
189,Pune,Junnar,Onion,Other,FAQ,800,1800,1500,8-Mar-18
190,Pune,Junnar,Onion,Other,FAQ,400,1300,1200,4-Mar-18
191,Pune,Junnar,Onion,Other,FAQ,500,1200,1000,1-Mar-18
192,Pune,Junnar,Onion,Other,FAQ,400,1500,1400,25-Feb-18
193,Pune,Junnar,Onion,Other,FAQ,1500,2000,1700,23-Feb-18
194,Pune,Junnar,Onion,Other,FAQ,500,1750,1600,18-Feb-18
195,Pune,Junnar,Onion,Other,FAQ,1800,2000,1900,15-Feb-18
196,Pune,Junnar,Onion,Other,FAQ,700,2250,2000,11-Feb-18
197,Pune,Junnar,Onion,Other,FAQ,500,1800,1500,8-Feb-18
198,Pune,Junnar,Onion,Other,FAQ,1000,2100,1800,4-Feb-18
199,Pune,Junnar,Onion,Other,FAQ,500,1800,1000,1-Feb-18
200,Pune,Junnar,Onion,Other,FAQ,700,2200,2000,28-Jan-18
201,Pune,Junnar,Onion,Other,FAQ,500,2700,2500,25-Jan-18
202,Pune,Junnar,Onion,Other,FAQ,1500,3050,2800,21-Jan-18
203,Pune,Junnar,Onion,Other,FAQ,1500,2900,2500,18-Jan-18
204,Pune,Junnar,Onion,Other,FAQ,2500,4000,3800,14-Jan-18
205,Pune,Junnar,Onion,Other,FAQ,1500,3500,3300,11-Jan-18
206,Pune,Junnar,Onion,Other,FAQ,2500,4000,3500,4-Jan-18
207,Pune,Junnar,Onion,Other,FAQ,2500,3800,3500,28-Dec-17
208,Pune,Junnar,Onion,Other,FAQ,2500,3700,3500,24-Dec-17
209,Pune,Junnar,Onion,Other,FAQ,3600,4900,4500,21-Dec-17
210,Pune,Junnar,Onion,Other,FAQ,3500,4800,4500,17-Dec-17
211,Pune,Junnar,Onion,Other,FAQ,3000,4800,4200,14-Dec-17
212,Pune,Junnar,Onion,Other,FAQ,2500,4500,4000,10-Dec-17
213,Pune,Junnar,Onion,Other,FAQ,2000,4500,4200,7-Dec-17
214,Pune,Junnar,Onion,Other,FAQ,2000,4500,4000,3-Dec-17
215,Pune,Junnar,Onion,Other,FAQ,2000,4200,4000,30-Nov-17
216,Pune,Junnar,Onion,Other,FAQ,1250,4250,3500,19-Nov-17
217,Pune,Junnar,Onion,Other,FAQ,1200,4000,3500,16-Nov-17
218,Pune,Junnar,Onion,Other,FAQ,1000,3200,3000,12-Nov-17
219,Pune,Junnar,Onion,Other,FAQ,700,3200,3000,9-Nov-17
220,Pune,Junnar,Onion,Other,FAQ,1200,4000,3000,5-Nov-17
221,Pune,Junnar,Onion,Other,FAQ,1200,1800,1500,2-Nov-17
222,Pune,Junnar,Onion,Other,FAQ,1200,3000,2500,26-Oct-17
223,Pune,Junnar,Onion,Other,FAQ,1500,3500,3000,22-Oct-17
224,Pune,Junnar,Onion,Other,FAQ,1200,2800,2500,8-Oct-17
225,Pune,Junnar,Onion,Other,FAQ,600,1700,1500,1-Oct-17
226,Pune,Junnar,Onion,Other,FAQ,700,1600,1500,24-Sep-17
227,Pune,Junnar,Onion,Other,FAQ,700,2000,1800,21-Sep-17
228,Pune,Junnar,Onion,Other,FAQ,500,1650,1400,17-Sep-17
229,Pune,Junnar,Onion,Other,FAQ,700,1600,1500,14-Sep-17
230,Pune,Junnar,Onion,Other,FAQ,1300,2000,1800,7-Sep-17
231,Pune,Junnar,Onion,Other,FAQ,1400,3200,3000,3-Sep-17
232,Pune,Junnar,Onion,Other,FAQ,1000,2000,1500,27-Aug-17
233,Pune,Junnar,Onion,Other,FAQ,1800,2800,2500,24-Aug-17
234,Pune,Junnar,Onion,Other,FAQ,1000,2500,2000,17-Aug-17
235,Pune,Junnar,Onion,Other,FAQ,1000,2500,2000,13-Aug-17
236,Pune,Junnar,Onion,Other,FAQ,1000,2850,2500,7-Aug-17
237,Pune,Junnar,Onion,Other,FAQ,500,2800,2600,3-Aug-17
238,Pune,Junnar,Onion,Other,FAQ,400,1650,1500,30-Jul-17
239,Pune,Junnar,Onion,Other,FAQ,500,1000,850,27-Jul-17
240,Pune,Junnar,Onion,Other,FAQ,500,900,800,23-Jul-17
241,Pune,Junnar,Onion,Other,FAQ,500,850,800,20-Jul-17
242,Pune,Junnar,Onion,Other,FAQ,500,850,800,16-Jul-17
243,Pune,Junnar,Onion,Other,FAQ,400,850,800,13-Jul-17
244,Pune,Junnar,Onion,Other,FAQ,200,700,600,10-Jul-17
245,Pune,Junnar,Onion,Other,FAQ,400,820,650,6-Jul-17
246,Pune,Junnar,Onion,Other,FAQ,500,850,800,2-Jul-17
247,Pune,Junnar,Onion,Other,FAQ,250,400,350,29-Jun-17
248,Pune,Junnar,Onion,Other,FAQ,300,700,600,25-Jun-17
249,Pune,Junnar,Onion,Other,FAQ,400,850,650,22-Jun-17
250,Pune,Junnar,Onion,Other,FAQ,300,900,850,8-Jun-17
251,Pune,Junnar,Onion,Other,FAQ,200,710,650,26-May-17
252,Pune,Junnar,Onion,Other,FAQ,300,750,550,21-May-17
253,Pune,Junnar,Onion,Other,FAQ,300,700,600,18-May-17
254,Pune,Junnar,Onion,Other,FAQ,300,600,500,14-May-17
255,Pune,Junnar,Onion,Other,FAQ,300,750,600,7-May-17
256,Pune,Junnar,Onion,Other,FAQ,300,700,600,4-May-17
257,Pune,Junnar,Onion,Other,FAQ,500,700,600,27-Apr-17
258,Pune,Junnar,Onion,Other,FAQ,400,800,600,23-Apr-17
259,Pune,Junnar,Onion,Other,FAQ,200,700,600,20-Apr-17
260,Pune,Junnar,Onion,Other,FAQ,400,700,600,16-Apr-17
261,Pune,Junnar,Onion,Other,FAQ,400,800,650,13-Apr-17
262,Pune,Junnar,Onion,Other,FAQ,400,700,600,6-Apr-17
263,Pune,Junnar,Onion,Other,FAQ,650,900,850,30-Mar-17
264,Pune,Junnar,Onion,Other,FAQ,500,700,600,26-Mar-17
265,Pune,Junnar,Onion,Other,FAQ,500,700,650,23-Mar-17
266,Pune,Junnar,Onion,Other,FAQ,500,750,650,19-Mar-17
267,Pune,Junnar,Onion,Other,FAQ,500,800,700,16-Mar-17
268,Pune,Junnar,Onion,Other,FAQ,400,700,600,9-Mar-17
269,Pune,Junnar,Onion,Other,FAQ,400,650,500,5-Mar-17
270,Pune,Junnar,Onion,Other,FAQ,500,700,600,2-Mar-17
271,Pune,Junnar,Onion,Other,FAQ,450,650,550,26-Feb-17
272,Pune,Junnar,Onion,Other,FAQ,400,650,600,23-Feb-17
273,Pune,Junnar,Onion,Other,FAQ,600,800,650,16-Feb-17
274,Pune,Junnar,Onion,Other,FAQ,400,700,500,12-Feb-17
275,Pune,Junnar,Onion,Other,FAQ,400,750,650,9-Feb-17
276,Pune,Junnar,Onion,Other,FAQ,400,750,650,5-Feb-17
277,Pune,Junnar,Onion,Other,FAQ,400,750,650,2-Feb-17
278,Pune,Junnar,Onion,Other,FAQ,400,660,500,29-Jan-17
279,Pune,Junnar,Onion,Other,FAQ,400,800,700,26-Jan-17
280,Pune,Junnar,Onion,Other,FAQ,600,800,750,15-Jan-17
281,Pune,Junnar,Onion,Other,FAQ,700,1200,1000,12-Jan-17
282,Pune,Junnar,Onion,Other,FAQ,600,1100,1000,8-Jan-17
283,Pune,Junnar,Onion,Other,FAQ,550,1150,1000,6-Jan-17
284,Pune,Junnar,Onion,Other,FAQ,600,1200,1000,1-Jan-17
285,Pune,Junnar,Onion,Other,FAQ,800,1150,1000,29-Dec-16
286,Pune,Junnar,Onion,Other,FAQ,600,1200,1000,22-Dec-16
287,Pune,Junnar,Onion,Other,FAQ,700,1200,1000,18-Dec-16
288,Pune,Junnar,Onion,Other,FAQ,700,1200,1000,17-Dec-16
289,Pune,Junnar,Onion,Other,FAQ,500,1210,1000,15-Dec-16
290,Pune,Junnar,Onion,Other,FAQ,400,1050,950,11-Dec-16
291,Pune,Junnar,Onion,Other,FAQ,700,900,800,8-Dec-16
292,Pune,Junnar,Onion,Other,FAQ,300,800,650,4-Dec-16
293,Pune,Junnar,Onion,Other,FAQ,600,1200,1100,1-Dec-16
294,Pune,Junnar,Onion,Other,FAQ,700,900,800,27-Nov-16
295,Pune,Junnar,Onion,Other,FAQ,800,1000,950,24-Nov-16
296,Pune,Junnar,Onion,Other,FAQ,600,1500,1200,20-Nov-16
297,Pune,Junnar,Onion,Other,FAQ,500,1200,1050,17-Nov-16
298,Pune,Junnar,Onion,Other,FAQ,500,1200,1000,10-Nov-16
299,Pune,Junnar,Onion,Other,FAQ,500,1300,1100,6-Nov-16
300,Pune,Junnar,Onion,Other,FAQ,500,1810,1700,3-Nov-16
301,Pune,Junnar,Onion,Other,FAQ,500,750,650,31-Oct-16
302,Pune,Junnar,Onion,Other,FAQ,500,700,650,30-Oct-16
303,Pune,Junnar,Onion,Other,FAQ,300,950,850,27-Oct-16
304,Pune,Junnar,Onion,Other,FAQ,700,1000,900,23-Oct-16
305,Pune,Junnar,Onion,Other,FAQ,650,1050,950,20-Oct-16
306,Pune,Junnar,Onion,Other,FAQ,700,1100,950,16-Oct-16
307,Pune,Junnar,Onion,Other,FAQ,700,1000,800,13-Oct-16
308,Pune,Junnar,Onion,Other,FAQ,700,1000,850,9-Oct-16
309,Pune,Junnar,Onion,Other,FAQ,400,800,650,6-Oct-16
310,Pune,Junnar,Onion,Other,FAQ,200,700,500,30-Sep-16
311,Pune,Junnar,Onion,Other,FAQ,500,850,700,27-Sep-16
312,Pune,Junnar,Onion,Other,FAQ,500,750,650,23-Sep-16
313,Pune,Junnar,Onion,Other,FAQ,500,750,700,20-Sep-16
314,Pune,Junnar,Onion,Other,FAQ,500,900,800,9-Sep-16
315,Pune,Junnar,Onion,Other,FAQ,500,900,750,6-Sep-16
316,Pune,Junnar,Onion,Other,FAQ,400,800,700,2-Sep-16
317,Pune,Junnar,Onion,Other,FAQ,500,850,800,28-Aug-16
318,Pune,Junnar,Onion,Other,FAQ,700,950,900,21-Aug-16
319,Pune,Junnar,Onion,Other,FAQ,500,900,850,18-Aug-16
320,Pune,Junnar,Onion,Other,FAQ,500,900,850,14-Aug-16
321,Pune,Junnar,Onion,Other,FAQ,500,950,850,11-Aug-16
322,Pune,Junnar,Onion,Other,FAQ,500,1000,900,7-Aug-16
323,Pune,Junnar,Onion,Other,FAQ,600,1010,1000,4-Aug-16
324,Pune,Junnar,Onion,Other,FAQ,500,910,800,31-Jul-16
325,Pune,Junnar,Onion,Other,FAQ,700,1000,950,28-Jul-16
326,Pune,Junnar,Onion,Other,FAQ,500,1010,1000,24-Jul-16
327,Pune,Junnar,Onion,Other,FAQ,700,1010,1000,21-Jul-16
328,Pune,Junnar,Onion,Other,FAQ,500,900,800,17-Jul-16
329,Pune,Junnar,Onion,Other,FAQ,700,1250,1200,14-Jul-16
330,Pune,Junnar,Onion,Other,FAQ,500,1100,1000,7-Jul-16
331,Pune,Junnar,Onion,Other,FAQ,500,1100,1050,3-Jul-16
332,Pune,Junnar,Onion,Other,FAQ,500,1150,1100,30-Jun-16
333,Pune,Junnar,Onion,Other,FAQ,500,1100,1000,26-Jun-16
334,Pune,Junnar,Onion,Other,FAQ,500,1100,1050,23-Jun-16
335,Pune,Junnar,Onion,Other,FAQ,500,1300,1200,19-Jun-16
336,Pune,Junnar,Onion,Other,FAQ,700,1110,1100,16-Jun-16
337,Pune,Junnar,Onion,Other,FAQ,600,1100,1000,12-Jun-16
338,Pune,Junnar,Onion,Other,FAQ,800,1200,1100,9-Jun-16
339,Pune,Junnar,Onion,Other,FAQ,500,1100,900,5-Jun-16
340,Pune,Junnar,Onion,Other,FAQ,500,1000,900,2-Jun-16
341,Pune,Junnar,Onion,Other,FAQ,500,1050,1000,29-May-16
342,Pune,Junnar,Onion,Other,FAQ,500,1200,1100,27-May-16
343,Pune,Junnar,Onion,Other,FAQ,500,1100,1000,26-May-16
344,Pune,Junnar,Onion,Other,FAQ,500,900,850,22-May-16
345,Pune,Junnar,Onion,Other,FAQ,500,950,850,19-May-16
346,Pune,Junnar,Onion,Other,FAQ,500,1000,950,15-May-16
347,Pune,Junnar,Onion,Other,FAQ,500,1000,950,12-May-16
348,Pune,Junnar,Onion,Other,FAQ,300,800,700,8-May-16
349,Pune,Junnar,Onion,Other,FAQ,500,1000,950,5-May-16
350,Pune,Junnar,Onion,Other,FAQ,500,1000,900,24-Apr-16
351,Pune,Junnar,Onion,Other,FAQ,500,950,900,21-Apr-16
352,Pune,Junnar,Onion,Other,FAQ,500,950,900,17-Apr-16
353,Pune,Junnar,Onion,Other,FAQ,500,900,850,14-Apr-16
354,Pune,Junnar,Onion,Other,FAQ,500,950,900,10-Apr-16
355,Pune,Junnar,Onion,Other,FAQ,500,1050,1000,7-Apr-16
356,Pune,Junnar,Onion,Other,FAQ,450,950,900,3-Apr-16
357,Pune,Junnar,Onion,Other,FAQ,500,1050,1000,31-Mar-16
358,Pune,Junnar,Onion,Other,FAQ,500,1010,1000,27-Mar-16
359,Pune,Junnar,Onion,Other,FAQ,400,900,800,24-Mar-16
360,Pune,Junnar,Onion,Other,FAQ,800,1300,1200,20-Mar-16
361,Pune,Junnar,Onion,Other,FAQ,500,1000,900,17-Mar-16
362,Pune,Junnar,Onion,Other,FAQ,500,950,850,13-Mar-16
363,Pune,Junnar,Onion,Other,FAQ,600,1000,900,10-Mar-16
364,Pune,Junnar,Onion,Other,FAQ,500,1010,1000,6-Mar-16
365,Pune,Junnar,Onion,Other,FAQ,600,1010,1000,3-Mar-16
366,Pune,Junnar,Onion,Other,FAQ,500,1000,950,28-Feb-16
367,Pune,Junnar,Onion,Other,FAQ,500,1110,1000,21-Feb-16
368,Pune,Junnar,Onion,Other,FAQ,500,1210,1200,18-Feb-16
369,Pune,Junnar,Onion,Other,FAQ,600,1200,1150,14-Feb-16
370,Pune,Junnar,Onion,Other,FAQ,800,1300,1200,11-Feb-16
371,Pune,Junnar,Onion,Other,FAQ,500,1300,1000,7-Feb-16
372,Pune,Junnar,Onion,Other,FAQ,500,1400,1000,4-Feb-16
373,Pune,Junnar,Onion,Other,FAQ,500,1700,1000,31-Jan-16
374,Pune,Junnar,Onion,Other,FAQ,1000,1500,1200,28-Jan-16
375,Pune,Junnar,Onion,Other,FAQ,1000,1900,1500,24-Jan-16
376,Pune,Junnar,Onion,Other,FAQ,1000,1610,1500,21-Jan-16
377,Pune,Junnar,Onion,Other,FAQ,500,1700,1500,17-Jan-16
378,Pune,Junnar,Onion,Other,FAQ,1000,1500,1300,14-Jan-16
379,Pune,Junnar,Onion,Other,FAQ,500,1500,1000,10-Jan-16
380,Pune,Junnar,Onion,Other,FAQ,500,1650,1000,7-Jan-16
381,Pune,Junnar,Onion,Other,FAQ,1000,1600,1200,3-Jan-16
382,Pune,Junnar,Onion,Other,FAQ,1000,2110,1500,31-Dec-15
383,Pune,Junnar,Onion,Other,FAQ,500,2010,1500,27-Dec-15
384,Pune,Junnar,Onion,Other,FAQ,1000,1500,1200,24-Dec-15
385,Pune,Junnar,Onion,Other,FAQ,800,1710,1200,20-Dec-15
386,Pune,Junnar,Onion,Other,FAQ,700,2000,1200,17-Dec-15
387,Pune,Junnar,Onion,Other,FAQ,1000,1600,1200,13-Dec-15
388,Pune,Junnar,Onion,Other,FAQ,1000,1800,1500,10-Dec-15
389,Pune,Junnar,Onion,Other,FAQ,1500,2500,2000,6-Dec-15
390,Pune,Junnar,Onion,Other,FAQ,1000,3000,2000,3-Dec-15
391,Pune,Junnar,Onion,Other,FAQ,2000,5000,4000,29-Nov-15
392,Pune,Junnar,Onion,Other,FAQ,2000,4200,3200,26-Nov-15
393,Pune,Junnar,Onion,Other,FAQ,2000,6000,4000,22-Nov-15
394,Pune,Junnar,Onion,Other,FAQ,2000,4500,3000,19-Nov-15
395,Pune,Junnar,Onion,Other,FAQ,2000,4500,3000,15-Nov-15
396,Pune,Junnar,Onion,Other,FAQ,2500,4000,3500,8-Nov-15
397,Pune,Junnar,Onion,Other,FAQ,2500,4000,3500,5-Nov-15
398,Pune,Junnar,Onion,Other,FAQ,3000,4500,3500,1-Nov-15
399,Pune,Junnar,Onion,Other,FAQ,2000,4000,3000,29-Oct-15
400,Pune,Junnar,Onion,Other,FAQ,2500,4250,3500,25-Oct-15
401,Pune,Junnar,Onion,Other,FAQ,2500,3200,3000,22-Oct-15
402,Pune,Junnar,Onion,Other,FAQ,500,3300,2500,18-Oct-15
403,Pune,Junnar,Onion,Other,FAQ,2400,3500,3000,15-Oct-15
404,Pune,Junnar,Onion,Other,FAQ,800,4300,2500,11-Oct-15
405,Pune,Junnar,Onion,Other,FAQ,2000,4300,3000,8-Oct-15
406,Pune,Junnar,Onion,Other,FAQ,2000,4300,3000,4-Oct-15
407,Pune,Junnar,Onion,Other,FAQ,1500,4500,3000,1-Oct-15
408,Pune,Junnar,Onion,Other,FAQ,2000,5000,4000,24-Sep-15
409,Pune,Junnar,Onion,Other,FAQ,2500,5000,4500,20-Sep-15
410,Pune,Junnar,Onion,Other,FAQ,4000,6100,5000,10-Sep-15
411,Pune,Junnar,Onion,Other,FAQ,4000,5000,4500,6-Sep-15
412,Pune,Junnar,Onion,Other,FAQ,3500,6000,5000,3-Sep-15
413,Pune,Junnar,Onion,Other,FAQ,2000,5500,4000,30-Aug-15
414,Pune,Junnar,Onion,Other,FAQ,3000,5500,4500,27-Aug-15
415,Pune,Junnar,Onion,Other,FAQ,4000,7000,7000,23-Aug-15
416,Pune,Junnar,Onion,Other,FAQ,3000,6000,4500,20-Aug-15
417,Pune,Junnar,Onion,Other,FAQ,2000,5100,4500,16-Aug-15
418,Pune,Junnar,Onion,Other,FAQ,2500,4500,4000,13-Aug-15
419,Pune,Junnar,Onion,Other,FAQ,1500,3800,3500,9-Aug-15
420,Pune,Junnar,Onion,Other,FAQ,2500,3800,3000,2-Aug-15
421,Pune,Junnar,Onion,Other,FAQ,2000,3600,3000,30-Jul-15
422,Pune,Junnar,Onion,Other,FAQ,1500,3250,3000,26-Jul-15
423,Pune,Junnar,Onion,Other,FAQ,1000,3000,2000,23-Jul-15
424,Pune,Junnar,Onion,Other,FAQ,1500,2500,2000,19-Jul-15
425,Pune,Junnar,Onion,Other,FAQ,1000,2400,2000,16-Jul-15
426,Pune,Junnar,Onion,Other,FAQ,1400,2200,1900,9-Jul-15
427,Pune,Junnar,Onion,Other,FAQ,1400,2100,1700,5-Jul-15
428,Pune,Junnar,Onion,Other,FAQ,1000,2000,1500,2-Jul-15
429,Pune,Junnar,Onion,Other,FAQ,1000,2000,1500,28-Jun-15
430,Pune,Junnar,Onion,Other,FAQ,1000,2000,1500,25-Jun-15
431,Pune,Junnar,Onion,Other,FAQ,1000,2200,2000,18-Jun-15
432,Pune,Junnar,Onion,Other,FAQ,1200,2300,2000,14-Jun-15
433,Pune,Junnar,Onion,Other,FAQ,1500,2500,2000,7-Jun-15
434,Pune,Junnar,Onion,Other,FAQ,1200,2100,1600,4-Jun-15
435,Pune,Junnar,Onion,Other,FAQ,1000,2200,1700,31-May-15
436,Pune,Junnar,Onion,Other,FAQ,1000,2000,1500,28-May-15
437,Pune,Junnar,Onion,Other,FAQ,1000,2000,1500,24-May-15
438,Pune,Junnar,Onion,Other,FAQ,1000,2000,1500,21-May-15
439,Pune,Junnar,Onion,Other,FAQ,500,1800,1400,17-May-15
440,Pune,Junnar,Onion,Other,FAQ,500,1800,1100,14-May-15
441,Pune,Junnar,Onion,Other,FAQ,600,1800,1200,10-May-15
442,Pune,Junnar,Onion,Other,FAQ,500,1400,900,23-Apr-15
443,Pune,Junnar,Onion,Other,FAQ,500,1250,950,19-Apr-15
444,Pune,Junnar,Onion,Other,FAQ,1000,1350,1250,12-Apr-15
445,Pune,Junnar,Onion,Other,FAQ,100,1100,700,5-Apr-15
446,Pune,Junnar,Onion,Other,FAQ,100,1100,600,2-Apr-15
447,Pune,Junnar,Onion,Other,FAQ,800,1100,1000,29-Mar-15
448,Pune,Junnar,Onion,Other,FAQ,700,1200,1000,26-Mar-15
449,Pune,Junnar,Onion,Other,FAQ,400,1100,700,23-Mar-15
450,Pune,Junnar,Onion,Other,FAQ,800,1300,1000,19-Mar-15
451,Pune,Junnar,Onion,Other,FAQ,1000,1500,1200,15-Mar-15
452,Pune,Junnar,Onion,Other,FAQ,600,1500,1000,8-Mar-15
453,Pune,Junnar,Onion,Other,FAQ,900,1400,1100,1-Mar-15
454,Pune,Junnar,Onion,Other,FAQ,500,1600,1200,26-Feb-15
455,Pune,Junnar,Onion,Other,FAQ,600,1500,1000,22-Feb-15
456,Pune,Junnar,Onion,Other,FAQ,1400,1600,1500,8-Feb-15
457,Pune,Junnar,Onion,Other,FAQ,500,1800,1200,5-Feb-15
458,Pune,Junnar,Onion,Other,FAQ,500,1900,1400,1-Feb-15
459,Pune,Junnar,Onion,Other,FAQ,1000,1600,1300,25-Jan-15
460,Pune,Junnar,Onion,Other,FAQ,500,1700,1200,18-Jan-15
461,Pune,Junnar,Onion,Other,FAQ,700,1550,1250,15-Jan-15
462,Pune,Junnar,Onion,Other,FAQ,700,1550,1250,15-Jan-15
463,Pune,Junnar,Onion,Other,FAQ,900,1200,1000,11-Jan-15
464,Pune,Junnar,Onion,Other,FAQ,900,1200,1000,11-Jan-15
465,Pune,Junnar,Onion,Other,FAQ,900,1550,1250,8-Jan-15
466,Pune,Junnar,Onion,Other,FAQ,1400,2000,1600,28-Dec-14
467,Pune,Junnar,Onion,Other,FAQ,1400,2300,2000,25-Dec-14
468,Pune,Junnar,Onion,Other,FAQ,1000,2200,1600,21-Dec-14
469,Pune,Junnar,Onion,Other,FAQ,1400,2200,1900,18-Dec-14
470,Pune,Junnar,Onion,Other,FAQ,1000,2700,1700,14-Dec-14
471,Pune,Junnar,Onion,Other,FAQ,1000,2400,1600,11-Dec-14
472,Pune,Junnar,Onion,Other,FAQ,1600,2200,1900,7-Dec-14
473,Pune,Junnar,Onion,Other,FAQ,560,2300,1600,4-Dec-14
474,Pune,Junnar,Onion,Other,FAQ,1500,2200,1900,20-Nov-14
475,Pune,Junnar,Onion,Other,FAQ,1800,2510,2100,16-Nov-14
476,Pune,Junnar,Onion,Other,FAQ,1400,2000,1700,9-Nov-14
477,Pune,Junnar,Onion,Other,FAQ,1600,2200,1900,6-Nov-14
478,Pune,Junnar,Onion,Other,FAQ,500,2300,1700,2-Nov-14
479,Pune,Junnar,Onion,Other,FAQ,1800,2500,2200,30-Oct-14
480,Pune,Junnar,Onion,Other,FAQ,1500,2100,1800,26-Oct-14
481,Pune,Junnar,Onion,Other,FAQ,1400,2100,1800,9-Oct-14
482,Pune,Junnar,Onion,Other,FAQ,1200,1750,1550,28-Sep-14
483,Pune,Junnar,Onion,Other,FAQ,1500,1900,1700,14-Sep-14
484,Pune,Junnar,Onion,Other,FAQ,1500,2000,1700,24-Aug-14
485,Pune,Junnar,Onion,Other,FAQ,500,2500,1500,24-Jul-14
486,Pune,Junnar,Onion,Other,FAQ,500,2600,1600,20-Jul-14
487,Pune,Junnar,Onion,Other,FAQ,500,2600,1600,3-Jul-14
488,Pune,Junnar,Onion,Other,FAQ,500,2800,1200,29-Jun-14
489,Pune,Junnar,Onion,Other,FAQ,500,2500,1500,26-Jun-14
490,Pune,Junnar,Onion,Other,FAQ,500,2200,1200,22-Jun-14
491,Pune,Junnar,Onion,Other,FAQ,500,1100,850,6-Apr-14
492,Pune,Junnar,Onion,Other,FAQ,500,800,600,20-Mar-14
493,Pune,Junnar,Onion,Other,FAQ,400,1000,600,16-Mar-14
494,Pune,Junnar,Onion,Other,FAQ,500,900,700,2-Mar-14
495,Pune,Junnar,Onion,Other,FAQ,400,850,550,27-Feb-14
496,Pune,Junnar,Onion,Other,FAQ,500,750,600,20-Feb-14
497,Pune,Junnar,Onion,Other,FAQ,500,900,700,6-Feb-14
498,Pune,Junnar,Onion,Other,FAQ,500,950,700,2-Feb-14
499,Pune,Junnar,Onion,Other,FAQ,500,850,700,30-Jan-14
500,Pune,Junnar,Onion,Other,FAQ,400,900,600,26-Jan-14
501,Pune,Junnar,Onion,Other,FAQ,500,1200,700,23-Jan-14
502,Pune,Junnar,Onion,Other,FAQ,600,1100,900,19-Jan-14
503,Pune,Junnar,Onion,Other,FAQ,500,1200,800,16-Jan-14
504,Pune,Junnar,Onion,Other,FAQ,500,1000,750,12-Jan-14
505,Pune,Junnar,Onion,Other,FAQ,400,1300,800,9-Jan-14
506,Pune,Junnar,Onion,Other,FAQ,500,1300,900,5-Jan-14
507,Pune,Junnar,Onion,Other,FAQ,800,1400,1000,22-Dec-13
508,Pune,Junnar,Onion,Other,FAQ,500,2000,1000,12-Dec-13
509,Pune,Junnar,Onion,Other,FAQ,1000,2000,1500,8-Dec-13
510,Pune,Junnar,Onion,Other,FAQ,600,2200,1500,5-Dec-13
511,Pune,Junnar,Onion,Other,FAQ,500,2700,1500,1-Dec-13
512,Pune,Junnar,Onion,Other,FAQ,1000,5000,3000,7-Nov-13
513,Pune,Junnar,Onion,Other,FAQ,2000,6000,4000,2-Nov-13
514,Pune,Junnar,Onion,Other,FAQ,2000,6000,4500,31-Oct-13
515,Pune,Junnar,Onion,Other,FAQ,2000,6000,4500,27-Oct-13
516,Pune,Junnar,Onion,Other,FAQ,4000,6000,5000,20-Oct-13
517,Pune,Junnar,Onion,Other,FAQ,3000,5400,4500,13-Oct-13
518,Pune,Junnar,Onion,Other,FAQ,2500,3700,3000,6-Oct-13
519,Pune,Junnar,Onion,Other,FAQ,3000,4800,3800,29-Sep-13
520,Pune,Junnar,Onion,Other,FAQ,2000,5000,4000,26-Sep-13
521,Pune,Junnar,Onion,Other,FAQ,2000,4300,3000,22-Sep-13
522,Pune,Junnar,Onion,Other,FAQ,3000,5100,4500,6-Sep-13
523,Pune,Junnar,Onion,Other,FAQ,3000,5100,4500,5-Sep-13
524,Pune,Junnar,Onion,Other,FAQ,2500,4800,3800,1-Sep-13
525,Pune,Junnar,Onion,Other,FAQ,1500,4300,3200,25-Aug-13
526,Pune,Junnar,Onion,Other,FAQ,1500,4650,3500,22-Aug-13
527,Pune,Junnar,Onion,Other,FAQ,1500,4000,3000,18-Aug-13
528,Pune,Junnar,Onion,Other,FAQ,1500,4500,3500,15-Aug-13
529,Pune,Junnar,Onion,Other,FAQ,2000,3500,3000,4-Aug-13
530,Pune,Junnar,Onion,Other,FAQ,2000,2800,2500,1-Aug-13
531,Pune,Junnar,Onion,Other,FAQ,1000,2650,2200,25-Jul-13
532,Pune,Junnar,Onion,Other,FAQ,1200,2600,2400,21-Jul-13
533,Pune,Junnar,Onion,Other,FAQ,1200,2810,2400,18-Jul-13
534,Pune,Junnar,Onion,Other,FAQ,1000,2100,1600,4-Jul-13
535,Pune,Junnar,Onion,Other,FAQ,600,1800,1300,27-Jun-13
536,Pune,Junnar,Onion,Other,FAQ,500,1800,1600,23-Jun-13
537,Pune,Junnar,Onion,Other,FAQ,500,1800,1350,20-Jun-13
538,Pune,Junnar,Onion,Other,FAQ,500,1700,1100,16-Jun-13
539,Pune,Junnar,Onion,Other,FAQ,500,1700,1100,13-Jun-13
540,Pune,Junnar,Onion,Other,FAQ,500,1700,1150,9-Jun-13
541,Pune,Junnar,Onion,Other,FAQ,500,1700,1200,6-Jun-13
542,Pune,Junnar,Onion,Other,FAQ,300,1050,850,30-May-13
543,Pune,Junnar,Onion,Other,FAQ,500,1500,1000,26-May-13
544,Pune,Junnar,Onion,Other,FAQ,500,1400,1000,23-May-13
545,Pune,Junnar,Onion,Other,FAQ,500,1100,800,19-May-13
546,Pune,Junnar,Onion,Other,FAQ,500,1000,800,16-May-13
547,Pune,Junnar,Onion,Other,FAQ,300,1100,850,12-May-13
548,Pune,Junnar,Onion,Other,FAQ,500,1110,950,9-May-13
549,Pune,Junnar,Onion,Other,FAQ,300,950,650,5-May-13
550,Pune,Junnar,Onion,Other,FAQ,400,900,700,2-May-13
551,Pune,Junnar,Onion,Other,FAQ,500,950,750,25-Apr-13
552,Pune,Junnar,Onion,Other,FAQ,500,1050,850,21-Apr-13
553,Pune,Junnar,Onion,Other,FAQ,350,950,600,18-Apr-13
554,Pune,Junnar,Onion,Other,FAQ,500,950,700,10-Apr-13
555,Pune,Junnar,Onion,Other,FAQ,350,950,650,7-Apr-13
556,Pune,Junnar,Onion,Other,FAQ,400,1100,800,4-Apr-13
557,Pune,Junnar,Onion,Other,FAQ,500,1050,750,21-Mar-13
558,Pune,Junnar,Onion,Other,FAQ,500,1100,850,17-Mar-13
559,Pune,Junnar,Onion,Other,FAQ,500,1350,1000,24-Feb-13
560,Pune,Junnar,Onion,Other,FAQ,500,1400,1100,21-Feb-13
561,Pune,Junnar,Onion,Other,FAQ,600,1450,1150,17-Feb-13
562,Pune,Junnar,Onion,Other,FAQ,1000,2000,1700,14-Feb-13
563,Pune,Junnar,Onion,Other,FAQ,700,1700,1200,10-Feb-13
564,Pune,Junnar,Onion,Other,FAQ,1500,2010,1800,7-Feb-13
565,Pune,Junnar,Onion,Other,FAQ,1400,1850,1700,3-Feb-13
566,Pune,Junnar,Onion,Other,FAQ,1400,1900,1650,31-Jan-13
567,Pune,Junnar,Onion,Other,FAQ,600,1750,1250,24-Jan-13
568,Pune,Junnar,Onion,Other,FAQ,500,1350,1150,17-Jan-13
569,Pune,Junnar,Onion,Other,FAQ,500,1350,1200,13-Jan-13
570,Pune,Junnar,Onion,Other,FAQ,500,1650,1150,10-Jan-13
571,Pune,Junnar,Onion,Other,FAQ,500,1650,1050,6-Jan-13
572,Pune,Junnar,Onion,Other,FAQ,600,1500,1000,30-Dec-12
573,Pune,Junnar,Onion,Other,FAQ,500,1500,1000,27-Dec-12
574,Pune,Junnar,Onion,Other,FAQ,1000,1600,1400,23-Dec-12
575,Pune,Junnar,Onion,Other,FAQ,1250,1650,1450,16-Dec-12
576,Pune,Junnar,Onion,Other,FAQ,500,1500,1000,13-Dec-12
577,Pune,Junnar,Onion,Other,FAQ,1200,1700,1500,9-Dec-12
578,Pune,Junnar,Onion,Other,FAQ,800,1350,1200,5-Dec-12
579,Pune,Junnar,Onion,Other,FAQ,200,1510,1200,25-Nov-12
580,Pune,Junnar,Onion,Other,FAQ,200,1710,1500,22-Nov-12
581,Pune,Junnar,Onion,Other,FAQ,200,1400,1200,15-Nov-12
582,Pune,Junnar,Onion,Other,FAQ,200,1300,1100,11-Nov-12
583,Pune,Junnar,Onion,Other,FAQ,200,1300,1100,8-Nov-12
584,Pune,Junnar,Onion,Other,FAQ,200,1400,1200,4-Nov-12
585,Pune,Junnar,Onion,Other,FAQ,1000,1300,1200,1-Nov-12
586,Pune,Junnar,Onion,Other,FAQ,200,1500,1300,25-Oct-12
587,Pune,Junnar,Onion,Other,FAQ,200,1400,1200,21-Oct-12
588,Pune,Junnar,Onion,Other,FAQ,400,1200,1000,18-Oct-12
589,Pune,Junnar,Onion,Other,FAQ,200,1000,800,14-Oct-12
590,Pune,Junnar,Onion,Other,FAQ,200,1000,800,11-Oct-12
591,Pune,Junnar,Onion,Other,FAQ,200,800,600,4-Oct-12
592,Pune,Junnar,Onion,Other,FAQ,200,800,500,16-Sep-12
593,Pune,Junnar,Onion,Other,FAQ,250,850,550,13-Sep-12
594,Pune,Junnar,Onion,Other,FAQ,200,850,650,2-Sep-12
595,Pune,Junnar,Onion,Other,FAQ,200,850,600,30-Aug-12
596,Pune,Junnar,Onion,Other,FAQ,200,900,650,26-Aug-12
597,Pune,Junnar,Onion,Other,FAQ,200,950,550,23-Aug-12
598,Pune,Junnar,Onion,Other,FAQ,200,1000,550,19-Aug-12
599,Pune,Junnar,Onion,Other,FAQ,250,800,600,29-Jul-12
600,Pune,Junnar,Onion,Other,FAQ,200,850,650,26-Jul-12
601,Pune,Junnar,Onion,Other,FAQ,250,850,600,22-Jul-12
602,Pune,Junnar,Onion,Other,FAQ,300,730,550,19-Jul-12
603,Pune,Junnar,Onion,Other,FAQ,300,700,550,12-Jul-12
604,Pune,Junnar,Onion,Other,FAQ,350,650,550,28-Jun-12
605,Pune,Junnar,Onion,Other,FAQ,300,700,500,24-Jun-12
606,Pune,Junnar,Onion,Other,FAQ,350,750,450,21-Jun-12
607,Pune,Junnar,Onion,Other,FAQ,350,750,550,17-Jun-12
608,Pune,Junnar,Onion,Other,FAQ,200,700,450,14-Jun-12
609,Pune,Junnar,Onion,Other,FAQ,200,500,400,10-Jun-12
610,Pune,Junnar,Onion,Other,FAQ,250,550,450,7-Jun-12
611,Pune,Junnar,Onion,Other,FAQ,200,580,450,31-May-12
612,Pune,Junnar,Onion,Other,FAQ,200,550,400,27-May-12
613,Pune,Junnar,Onion,Other,FAQ,250,550,400,24-May-12
614,Pune,Junnar,Onion,Other,FAQ,200,500,400,20-May-12
615,Pune,Junnar,Onion,Other,FAQ,250,550,450,17-May-12
616,Pune,Junnar,Onion,Other,FAQ,300,600,400,3-May-12
617,Pune,Junnar,Onion,Other,FAQ,200,550,350,29-Apr-12
618,Pune,Junnar,Onion,Other,FAQ,200,550,350,15-Apr-12
619,Pune,Junnar,Onion,Other,FAQ,350,550,450,12-Apr-12
620,Pune,Junnar,Onion,Other,FAQ,200,560,420,8-Apr-12
621,Pune,Junnar,Onion,Other,FAQ,250,650,450,5-Apr-12
622,Pune,Junnar,Onion,Other,FAQ,300,500,350,4-Mar-12
623,Pune,Junnar,Onion,Other,FAQ,200,500,350,1-Mar-12
624,Pune,Junnar,Onion,Other,FAQ,200,500,350,26-Feb-12
625,Pune,Junnar,Onion,Other,FAQ,200,500,400,23-Feb-12
626,Pune,Junnar,Onion,Other,FAQ,200,650,600,9-Feb-12
627,Pune,Junnar,Onion,Other,FAQ,300,600,400,5-Feb-12
628,Pune,Junnar,Onion,Other,FAQ,300,700,600,29-Jan-12
629,Pune,Junnar,Onion,Other,FAQ,400,600,500,26-Jan-12
630,Pune,Junnar,Onion,Other,FAQ,350,650,450,19-Jan-12
631,Pune,Junnar,Onion,Other,FAQ,350,650,450,15-Jan-12
632,Pune,Junnar,Onion,Other,FAQ,300,600,400,12-Jan-12
633,Pune,Junnar,Onion,Other,FAQ,400,700,550,8-Jan-12
634,Pune,Junnar,Onion,Other,FAQ,200,550,400,5-Jan-12
635,Pune,Junnar,Onion,Other,FAQ,300,700,500,1-Jan-12
636,Pune,Junnar,Onion,Other,FAQ,200,550,450,29-Dec-11
637,Pune,Junnar,Onion,Other,FAQ,300,800,600,18-Dec-11
638,Pune,Junnar,Onion,Other,FAQ,400,800,600,15-Dec-11
639,Pune,Junnar,Onion,Other,FAQ,300,900,700,8-Dec-11
640,Pune,Junnar,Onion,Other,FAQ,600,1300,1050,4-Dec-11
641,Pune,Junnar,Onion,Other,FAQ,550,1150,1050,1-Dec-11
642,Pune,Junnar,Onion,Other,FAQ,500,1110,850,24-Nov-11
643,Pune,Junnar,Onion,Other,FAQ,500,1150,1000,13-Nov-11
644,Pune,Junnar,Onion,Other,FAQ,500,1100,850,10-Nov-11
645,Pune,Junnar,Onion,Other,FAQ,600,1250,1000,6-Nov-11
646,Pune,Junnar,Onion,Other,FAQ,500,1050,750,23-Oct-11
647,Pune,Junnar,Onion,Other,FAQ,600,1100,850,20-Oct-11
648,Pune,Junnar,Onion,Other,FAQ,600,1100,700,16-Oct-11
649,Pune,Junnar,Onion,Other,FAQ,600,1200,980,13-Oct-11
650,Pune,Junnar,Onion,Other,FAQ,700,1200,1000,9-Oct-11
651,Pune,Junnar,Onion,Other,FAQ,400,1250,1050,2-Oct-11
652,Pune,Junnar,Onion,Other,FAQ,850,1350,1050,29-Sep-11
653,Pune,Junnar,Onion,Other,FAQ,700,1400,1200,25-Sep-11
654,Pune,Junnar,Onion,Other,FAQ,400,1400,1000,22-Sep-11
655,Pune,Junnar,Onion,Other,FAQ,500,1400,1100,18-Sep-11
656,Pune,Junnar,Onion,Other,FAQ,400,1500,1000,28-Aug-11
657,Pune,Junnar,Onion,Other,FAQ,500,1600,1050,25-Aug-11
658,Pune,Junnar,Onion,Other,FAQ,450,1550,1050,21-Aug-11
659,Pune,Junnar,Onion,Other,FAQ,450,1650,1000,18-Aug-11
660,Pune,Junnar,Onion,Other,FAQ,500,1220,850,14-Aug-11
661,Pune,Junnar,Onion,Other,FAQ,400,1220,850,11-Aug-11
662,Pune,Junnar,Onion,Other,FAQ,600,1130,800,4-Aug-11
663,Pune,Junnar,Onion,Other,FAQ,600,1120,750,31-Jul-11
664,Pune,Junnar,Onion,Other,FAQ,450,1000,750,24-Jul-11
665,Pune,Junnar,Onion,Other,FAQ,500,1050,750,21-Jul-11
666,Pune,Junnar,Onion,Other,FAQ,450,1050,650,17-Jul-11
667,Pune,Junnar,Onion,Other,FAQ,450,950,650,14-Jul-11
668,Pune,Junnar,Onion,Other,FAQ,600,1000,800,10-Jul-11
669,Pune,Junnar,Onion,Other,FAQ,350,950,750,3-Jul-11
670,Pune,Junnar,Onion,Other,FAQ,500,1110,850,26-Jun-11
671,Pune,Junnar,Onion,Other,FAQ,500,1110,880,23-Jun-11
672,Pune,Junnar,Onion,Other,FAQ,400,800,700,19-Jun-11
673,Pune,Junnar,Onion,Other,FAQ,400,850,550,16-Jun-11
674,Pune,Junnar,Onion,Other,FAQ,450,1000,750,12-Jun-11
675,Pune,Junnar,Onion,Other,FAQ,400,900,700,9-Jun-11
676,Pune,Junnar,Onion,Other,FAQ,430,730,580,2-Jun-11
677,Pune,Junnar,Onion,Other,FAQ,400,600,500,29-May-11
678,Pune,Junnar,Onion,Other,FAQ,450,750,600,26-May-11
679,Pune,Junnar,Onion,Other,FAQ,300,600,400,22-May-11
680,Pune,Junnar,Onion,Other,FAQ,300,650,550,19-May-11
681,Pune,Junnar,Onion,Other,FAQ,300,600,500,15-May-11
682,Pune,Junnar,Onion,Other,FAQ,250,550,450,5-May-11
683,Pune,Junnar,Onion,Other,FAQ,200,550,450,1-May-11
684,Pune,Junnar,Onion,Other,FAQ,250,620,435,28-Apr-11
685,Pune,Junnar,Onion,Other,FAQ,400,600,450,22-Apr-11
686,Pune,Junnar,Onion,Other,FAQ,300,600,450,17-Apr-11
687,Pune,Junnar,Onion,Other,FAQ,350,600,500,14-Apr-11
688,Pune,Junnar,Onion,Other,FAQ,250,600,450,7-Apr-11
689,Pune,Junnar,Onion,Other,FAQ,400,650,500,3-Apr-11
690,Pune,Junnar,Onion,Other,FAQ,350,750,550,31-Mar-11
691,Pune,Junnar,Onion,Other,FAQ,400,600,500,27-Mar-11
692,Pune,Junnar,Onion,Other,FAQ,400,600,500,24-Mar-11
693,Pune,Junnar,Onion,Other,FAQ,500,700,600,20-Mar-11
694,Pune,Junnar,Onion,Other,FAQ,250,600,450,17-Mar-11
695,Pune,Junnar,Onion,Other,FAQ,400,600,500,13-Mar-11
696,Pune,Junnar,Onion,Other,FAQ,250,530,350,10-Mar-11
697,Pune,Junnar,Onion,Other,FAQ,400,650,500,6-Mar-11
698,Pune,Junnar,Onion,Other,FAQ,450,750,550,3-Mar-11
699,Pune,Junnar,Onion,Other,FAQ,500,1210,750,17-Feb-11
700,Pune,Junnar,Onion,Other,FAQ,500,1210,950,13-Feb-11
701,Pune,Junnar,Onion,Other,FAQ,550,1000,850,10-Feb-11
702,Pune,Junnar,Onion,Other,FAQ,900,1800,1400,27-Jan-11
703,Pune,Junnar,Onion,Other,FAQ,1000,2300,2000,23-Jan-11
704,Pune,Junnar,Onion,Other,FAQ,2000,4500,3500,20-Jan-11
705,Pune,Junnar,Onion,Other,FAQ,2000,3210,2700,16-Jan-11
706,Pune,Junnar,Onion,Other,FAQ,2000,3500,3000,13-Jan-11
707,Pune,Junnar,Onion,Other,FAQ,1500,5000,4000,9-Jan-11
708,Pune,Junnar,Onion,Other,FAQ,2000,3800,3200,6-Jan-11
709,Pune,Junnar,Onion,Other,FAQ,2500,3800,3200,30-Dec-10
710,Pune,Junnar,Onion,Other,FAQ,2500,4000,3000,26-Dec-10
711,Pune,Junnar,Onion,Other,FAQ,2500,4000,3000,23-Dec-10
712,Pune,Junnar,Onion,Other,FAQ,2500,4200,3700,19-Dec-10
713,Pune,Junnar,Onion,Other,FAQ,1500,3500,2500,12-Dec-10
714,Pune,Junnar,Onion,Other,FAQ,1500,3000,2500,9-Dec-10
715,Pune,Junnar,Onion,Other,FAQ,1500,2700,2500,5-Dec-10
716,Pune,Junnar,Onion,Other,FAQ,1500,2800,2600,2-Dec-10
717,Pune,Junnar,Onion,Other,FAQ,2000,3000,2500,28-Nov-10
718,Pune,Junnar,Onion,Other,FAQ,1800,2800,2500,25-Nov-10
719,Pune,Junnar,Onion,Other,FAQ,2000,3400,2500,21-Nov-10
720,Pune,Junnar,Onion,Other,FAQ,2000,3500,2600,18-Nov-10
721,Pune,Junnar,Onion,Other,FAQ,2000,3100,2600,14-Nov-10
722,Pune,Junnar,Onion,Other,FAQ,1000,3000,1700,11-Nov-10
723,Pune,Junnar,Onion,Other,FAQ,1000,1700,1400,7-Nov-10
724,Pune,Junnar,Onion,Other,FAQ,1000,1700,1500,4-Nov-10
725,Pune,Junnar,Onion,Other,FAQ,1000,1700,1400,28-Oct-10
726,Pune,Junnar,Onion,Other,FAQ,800,1800,1400,24-Oct-10
727,Pune,Junnar,Onion,Other,FAQ,1000,1800,1500,20-Oct-10
728,Pune,Junnar,Onion,Other,FAQ,1000,1700,1500,14-Oct-10
729,Pune,Junnar,Onion,Other,FAQ,1000,1650,1400,10-Oct-10
730,Pune,Junnar,Onion,Other,FAQ,1050,1750,1550,7-Oct-10
731,Pune,Junnar,Onion,Other,FAQ,1500,1900,1700,3-Oct-10
732,Pune,Junnar,Onion,Other,FAQ,1200,2000,1700,30-Sep-10
733,Pune,Junnar,Onion,Other,FAQ,1200,1800,1600,26-Sep-10
734,Pune,Junnar,Onion,Other,FAQ,1300,1800,1500,23-Sep-10
735,Pune,Junnar,Onion,Other,FAQ,1200,1700,1500,19-Sep-10
736,Pune,Junnar,Onion,Other,FAQ,1000,1700,1400,16-Sep-10
737,Pune,Junnar,Onion,Other,FAQ,1000,1600,1200,12-Sep-10
738,Pune,Junnar,Onion,Other,FAQ,500,1300,1100,9-Sep-10
739,Pune,Junnar,Onion,Other,FAQ,500,1300,950,5-Sep-10
740,Pune,Junnar,Onion,Other,FAQ,800,1200,1000,2-Sep-10
741,Pune,Junnar,Onion,Other,FAQ,400,1500,900,29-Aug-10
742,Pune,Junnar,Onion,Other,FAQ,450,1100,850,26-Aug-10
743,Pune,Junnar,Onion,Other,FAQ,400,1100,800,19-Aug-10
744,Pune,Junnar,Onion,Other,FAQ,700,1100,800,15-Aug-10
745,Pune,Junnar,Onion,Other,FAQ,500,1000,750,12-Aug-10
746,Pune,Junnar,Onion,Other,FAQ,500,900,750,8-Aug-10
747,Pune,Junnar,Onion,Other,FAQ,600,900,700,5-Aug-10
748,Pune,Junnar,Onion,Other,FAQ,400,950,700,25-Jul-10
749,Pune,Junnar,Onion,Other,FAQ,400,900,700,22-Jul-10
750,Pune,Junnar,Onion,Other,FAQ,350,900,700,15-Jul-10
751,Pune,Junnar,Onion,Other,FAQ,200,900,500,11-Jul-10
752,Pune,Junnar,Onion,Other,FAQ,500,900,700,8-Jul-10
753,Pune,Junnar,Onion,Other,FAQ,500,800,600,4-Jul-10
754,Pune,Junnar,Onion,Other,FAQ,500,900,700,1-Jul-10
755,Pune,Junnar,Onion,Other,FAQ,300,750,650,21-Mar-10
756,Pune,Junnar,Onion,Other,FAQ,400,750,550,18-Mar-10
757,Pune,Junnar,Onion,Other,FAQ,500,1000,850,14-Mar-10
758,Pune,Junnar,Onion,Other,FAQ,500,800,650,11-Mar-10
759,Pune,Junnar,Onion,Other,FAQ,600,1200,900,7-Mar-10
760,Pune,Junnar,Onion,Other,FAQ,600,800,700,4-Mar-10
761,Pune,Junnar,Onion,Other,FAQ,400,1000,650,11-Feb-10
762,Pune,Junnar,Onion,Other,FAQ,500,950,750,4-Feb-10
763,Pune,Junnar,Onion,Other,FAQ,500,1000,800,31-Jan-10
764,Pune,Junnar,Onion,Other,FAQ,550,1000,850,28-Jan-10
765,Pune,Junnar,Onion,Other,FAQ,550,1200,950,24-Jan-10
766,Pune,Junnar,Onion,Other,FAQ,500,1400,950,14-Jan-10
767,Pune,Junnar,Onion,Other,FAQ,500,1700,1000,10-Jan-10
768,Pune,Junnar,Onion,Other,FAQ,550,1400,950,7-Jan-10
769,Pune,Junnar,Onion,Other,FAQ,650,1500,1200,3-Jan-10
